1
2
3
4
5
@1
6
7
8
9
10
@2
11
12
13
14
15
@3
16
17
18
19
20
@4
1
2
8
4
5
@5
6
7
13
9
10
@6
11
12
18
14
15
@7
6
7
3
9
10
@8
11
12
8
14
15
@9
16
17
13
19
20
@10
1
7
8
9
5
@11
6
12
13
14
10
@12
11
17
18
19
15
@13
6
2
3
4
10
@14
11
7
8
9
15
@15
16
12
13
14
20
@16
1
7
3
4
5
@17
6
12
8
9
10
@18
11
17
13
14
15
@19
1
2
3
9
5
@20
6
7
8
14
10
@21
11
12
13
19
15
@22
6
2
8
9
10
@23
11
7
13
14
15
@24
16
12
18
19
20
@25
6
7
8
4
10
@26
11
12
13
9
15
@27
16
17
18
14
20
@28
1
2
8
9
5
@29
1
7
8
4
5
@30
16
17
13
14
20
@31
16
12
13
19
20
@32
1
2
13
4
5
@33
16
17
8
19
20
@34
1
7
3
9
5
@35
6
12
8
14
10
@36
11
17
13
19
15
@37
6
2
8
4
10
@38
11
7
13
4
15
@39
16
12
18
14
20
@40
6
2
13
4
10
@41
11
7
18
9
15
@42
6
12
3
14
10
@43
11
17
8
19
15
@44
1
7
13
9
5
@45
16
12
8
19
20
@46
1
2
13
9
5
@47
16
17
8
14
20
@48
1
7
13
4
5
@49
16
12
8
19
20
@50
1
2
13
9
5
@51
6
7
18
14
10
@52
16
17
8
14
20
@53
11
12
3
9
15
@54
1
7
13
4
5
@55
6
12
18
9
10
@56
16
12
8
19
20
@57
11
7
3
14
15
@58
1
7
13
14
20
@59
16
12
13
9
5
@60
1
2
3
4
10
@61
6
7
8
9
15
@62
11
12
13
14
20
@63
16
17
18
19
15
@64
11
12
13
14
10
@65
6
7
8
9
5
@66
1
2
3
9
10
@67
6
7
8
14
15
@68
11
12
13
19
20
@69
16
17
18
14
15
@70
11
12
13
9
10
@71
6
7
8
4
5
@72
6
7
8
9
10
@73
6
12
13
14
15
@74
11
17
18
19
20
@75
16
12
13
14
15
@76
11
7
8
9
10
@77
6
2
3
4
5
@78
16
17
13
14
15
@79
11
12
8
9
10
@80
6
7
3
4
5
@81
11
17
13
9
5
@82
1
7
8
19
15
@83
6
2
8
14
20
@84
16
12
8
4
10
@85
11
17
13
9
10
@86
6
12
8
4
5
@87
1
2
8
14
10
@88
6
7
13
19
15
@89
6
2
8
14
15
@90
11
7
13
19
20
@91
11
12
8
4
10
@92
16
17
13
9
15
@93
16
17
13
9
5
@94
1
7
13
19
20
@95
1
2
8
14
20
@96
16
12
8
4
5
@97
6
12
18
14
10
@98
1
7
13
9
5
@99
16
12
8
14
20
@100
11
7
3
9
15
@101
11
17
13
19
20
@102
6
12
8
14
15
@103
1
7
3
9
10
@104
6
7
3
9
5
@105
11
12
8
14
10
@106
16
17
13
19
15
@107
1
2
8
4
10
@108
6
7
13
9
15
@109
11
12
18
14
20
@110
16
12
18
14
15
@111
11
7
13
9
10
@112
6
2
8
4
5
@113
1
17
8
19
5
@114
16
2
13
4
20
@115
1
17
3
19
5
@116
16
2
18
4
20
@117
1
2
13
4
5
@118
16
17
3
19
20
@119
1
2
18
4
5
@120